[array([0.704538, 0.931355]), array([0.954386, 0.459885]), array([0.561613, 0.998048, 0.855377]), array([0.408605, 0.43002 , 0.357243, 0.435747]), array([0.263061, 0.975247, 0.993209, 0.984517]), array([0.377244, 0.134038, 0.574764, 0.990875, 0.09452 ]), array([1.43000e-04, 3.72762e-01, 1.80309e-01, 2.83532e-01, 3.98956e-01,
       5.41385e-01]), array([0.064853, 0.072792, 0.242182, 0.024903, 0.87484 , 0.479611,
       0.007117, 0.501292])]
[array([0.764663, 0.905273]), array([0.692725, 0.278929]), array([0.369284, 0.416431, 0.301011]), array([0.45524 , 0.44606 , 0.268139, 0.441884]), array([0.23167 , 0.850028, 1.      , 0.889556]), array([0.433148, 0.596539, 0.193715, 0.950096, 0.025464]), array([0.      , 0.381704, 0.139019, 0.294245, 0.46516 , 0.557858]), array([0.197772, 0.08317 , 0.101703, 0.      , 0.97184 , 0.425134,
       0.23916 , 0.541693])]
[array([0.78743 , 0.334127]), array([0.736243, 0.130613]), array([0.020046, 0.000725, 0.001707]), array([0.359551, 0.394786, 0.396309, 0.436492]), array([0.237522, 0.999999, 0.999999, 0.908792]), array([0.526194, 0.287897, 0.96822 , 0.966925, 0.293788]), array([1.00000e-06, 3.45198e-01, 1.00000e-06, 2.69137e-01, 3.27548e-01,
       4.92848e-01]), array([1.00000e-06, 1.00000e-06, 1.41960e-02, 1.00000e-06, 9.99999e-01,
       3.77710e-01, 2.05227e-01, 6.66597e-01])]
[array([0.066507, 0.516191]), array([2.00000e-06, 3.44531e-01]), array([0.999999, 0.999999, 0.421755]), array([0.388945, 0.42186 , 0.405767, 0.444493]), array([0.455631, 0.999044, 0.991342, 0.354808]), array([4.58285e-01, 2.13540e-01, 5.75318e-01, 5.63291e-01, 1.00000e-06]), array([0.084086, 0.419577, 0.142716, 0.306046, 0.379254, 0.748677]), array([0.071271, 0.132901, 0.165747, 0.089521, 0.999999, 0.505679,
       0.246722, 0.577658])]
[array([0.999999, 0.80386 ]), array([0.695867, 0.42184 ]), array([1.25727e-01, 1.00000e-06, 6.58349e-01]), array([0.395669, 0.387605, 0.415443, 0.426498]), array([0.1433  , 0.989604, 0.979809, 0.999287]), array([4.07584e-01, 1.00000e-06, 9.44557e-01, 5.92214e-01, 4.25620e-02]), array([0.123119, 0.27581 , 0.198763, 0.357377, 0.375446, 0.408981]), array([0.056309, 0.101669, 0.220956, 0.030745, 0.953703, 0.552713,
       0.268669, 0.433411])]
[array([0.725488, 0.206181]), array([0.238697, 0.435399]), array([0.347118, 0.055994, 0.862974]), array([0.370115, 0.420104, 0.425088, 0.414856]), array([0.142663, 0.968537, 0.886654, 0.969656]), array([0.581393, 0.060652, 0.499427, 0.924351, 0.014431]), array([0.03039 , 0.343146, 0.272878, 0.353696, 0.368575, 0.733595]), array([0.103742, 0.09235 , 0.064259, 0.13093 , 0.957985, 0.703618,
       0.164961, 0.565136])]
[array([0.139316, 0.459704]), array([0.695586, 0.339166]), array([0.257882, 0.051885, 0.528719]), array([0.33287 , 0.437932, 0.428174, 0.459359]), array([0.14737 , 0.999999, 0.999999, 0.921713]), array([0.340766, 0.435136, 0.496022, 0.778382, 0.170336]), array([1.00000e-06, 2.72669e-01, 3.58553e-01, 3.69157e-01, 3.48012e-01,
       7.44467e-01]), array([0.199786, 0.044128, 0.211922, 0.166001, 0.999999, 0.563724,
       0.191632, 0.59887 ])]
[array([0.53099, 0.94244]), array([0.694085, 0.766695]), array([0.945059, 0.189242, 0.792464]), array([0.415627, 0.418658, 0.431211, 0.428589]), array([0.244817, 0.999999, 0.920287, 0.999999]), array([0.057099, 0.262978, 0.146599, 0.742611, 0.065139]), array([0.01    , 0.173875, 0.52377 , 0.374516, 0.345295, 0.850612]), array([0.089628, 0.517858, 0.049501, 0.051871, 0.812636, 0.90926 ,
       0.120901, 0.437052])]
[array([0.125294, 0.030013]), array([0.694638, 0.587177]), array([0.278027, 0.236401, 0.40152 ]), array([0.442869, 0.37848 , 0.416209, 0.440244]), array([0.454623, 0.949402, 0.863102, 0.381059]), array([0.452827, 0.357699, 0.542137, 0.74486 , 0.144727]), array([0.01    , 0.242657, 0.289943, 0.136976, 0.319597, 0.769534]), array([0.14672 , 0.116201, 0.144555, 0.169959, 0.968782, 0.815372,
       0.258301, 0.581701])]